---
title: "sigexUI-overview"
author: "AR & JL"
date: "4/19/2022"
output: 
  ioslides_presentation:
    smaller: true
    hightlight: pygments
    # hitheme: github
editor_options: 
  chunk_output_type: console
---

```{r setup, include=FALSE}
knitr::opts_chunk$set(echo = TRUE)
```

```{r libs, echo=FALSE}
devtools::load_all("~/Github/SigexUI")
devtools::load_all("~/Github/sigex")
library(magrittr)
```
```{r data, echo=FALSE}
# Make a ts object with the built-in ts function
dataALL.ts = ts(data = ndc,
	start = c(1992, 1),
	frequency = 12,
	names = c("Shipments", "NewOrders"))
data.ts = sigex.prep(data.ts = dataALL.ts,
	transform = "none",
	aggregate = FALSE,
	subseries = 1:2,
	range = NULL,
	plot = FALSE)
N <- ncol(data.ts)
T <- nrow(data.ts)
```

################################################################################
## Disclaimer

This article is released to inform interested parties of ongoing research and to
encourage discussion of work in progress.
Any views expressed are those of the authors and not
those of the U.S. Census Bureau.


################################################################################
## Why?

Following feedback from JSS and other users we aim to make `sigex` fit more
seamlessly into the R ecosystem.

- User friendly defaults
- Error/wanrining checks
- Esstablished R function support
	* `residuals()`
	* `summary()`
	* `print()`

Want to "future proof" development of future add-ons.

- Don't make classes or helper functions too rigid
- Think about the high level structures of multivariate unobserved component models


################################################################################
## Class system in R

R has a three-class system

- S3
- S4
- Reference Class

S3 Class

- S3 is the simplest yet the most popular
- lacks formal definition and structure
- An object of this type can be created by just adding an attribute to it
	* we will see this on the next slide with Arima class
	
S4 Class

- objects have a proper definition 
- gives proper structure to its objects
- **We will be implimenting S4 classes in SigexUI**


################################################################################
## Example: fitting ARIMA model

We have all fit an ARIMA model to the AirPassengers Series. 

```{r, echo = TRUE}
fit <- arima(AirPassengers, order = c(1, 0, 0))
class(fit)
```

################################################################################
## Example: fitting ARIMA model

The R ecosystem and its users is now familiar with the concepts of `fit` being
the output of a model and with that comes ceritain expectations about how it should 
behave. For example,

```{r, collapse=TRUE}
coef(fit)
```
```{r, collapse=TRUE}
AIC(fit)
```
```{r, collapse=TRUE}
logLik(fit)
```
```{r, collapse=TRUE}
predict(fit, n.ahead = 2)
```

################################################################################
## Example: fitting ARIMA model

How does this happen? 

First look at what is returned by the `arima()` function

```{r, eval=FALSE}
    structure(list(coef = coef, sigma2 = sigma2, var.coef = var, mask = mask,
		   loglik = -0.5 * value, aic = aic, arma = arma,
		   residuals = resid, call = match.call(), series = series,
		   code = res$convergence, n.cond = ncond, nobs = n.used,
		   model = mod),
	      class = "Arima")
```

```{r}
str(fit)
```


################################################################################
## Example: fitting ARIMA model

Let's look at the source code for *arima*

<https://github.com/SurajGupta/r-source/blob/master/src/library/stats/R/arima.R>

method dispatch for class *Arima* starts at line 373.

################################################################################
## Some S4 Definitions

- **Classes** user-defined data types, blueprint for individual objects, attributes and methods.
	* Has 3 key properties
		1. name: an alpha-numeric string that identifies the class
		1. representation/slots: a list of attributes, giving their names and classes
		1. contains: character vector of classes that it inherits from
- **Object** instances of a class created with specifically defined data. Objects can correspond to real-world objects or an abstract entity.
- **Generic Function** Function that dispatches to a method depending on the input class
- **Methods** Function that acts upon specific input class

```{r, collapse=TRUE}
mean(1:10)
mean(nycflights13::flights$time_hour)
```


## Methods and Generic functions for different classes

All methods that belong to the generic function `mean()`

```{r}
methods("mean")
```

List all generic functions that have a method for `ts` class

```{r}
methods(class = "ts")
```

################################################################################
## Structure of sigexUI: Classes

We created a class for the following objects:

1. Parameters
1. Models
1. Time Series Components
1. Model Fit


## SigexParam

A SigexParam has three things:

1. A list of K GCDs
2. The time series parameters whose exact form depends on the class of this latent process
3. Regression parameters

```{r, eval=FALSE}
#' @export
setClass("SigexParam",
	slots = c(
		N = "numeric", # Used to be integer but floating pt arithmetic issues
		gcds = "list",
		ts_params = "list",
		reg_param = "numeric"
	),#
	prototype = list(
		N = NA_integer_,
	#	gcd_list = list(),
	#	ts_param_list = NA_real_,
		reg_param = NA_real_
	)
)
```


## Additional param sub-classes

```{r, eval=FALSE}
#' @export
setClass("SigexParamARMA",
	contains = "SigexParamTS",
	slots = c(ar = "matrix", ma = "matrix"),
	prototype = list(model_class = "ARMA")
)

#' @export
setClass("SigexParamVARMA",
	contains = "SigexParamTS",
	slots = c(ar = "array", ma = "array"),
	prototype = list(model_class = "VARMA")
)
```


## Model class

The components slot is a list of time series components which themselves are a class.
This allows flexibility when printing, error checking, etc each individial component.

```{r, eval=FALSE}
#' @export
setClass("SigexModel",
	slots = c(
		N = "integer",
		mdl = "list",
		components = "list"
	),
	prototype = list(
		N = NA_integer_,
		mdl = NULL,
		components = list()
	)
)
```

## Model component abstract base class

```{r, eval=FALSE}
# This is an abstract base class
#' @export
setClass("SigexModelComponent",
	slots = c(
		model_class = "character",
		delta = "numeric",
		epithet = "character"
	),
	prototype = list(
		model_class = "NULL",
		delta = NULL,
		epithet = "NULL"
	)
)
```

## Model component classes 

```{r, eval=FALSE}
# This class inherits from SigexModelComponent
#' @export
setClass("SigexModelComponentVARMA",
	contains = "SigexModelComponent",
	slots = c(
		p = "numeric",
		q = "numeric"
	),
	prototype = list(
		model_class = "varma"
	)
)


# This class inherits from SigexModelComponent
#' @export
setClass("SigexModelComponentARMA",
		 contains = "SigexModelComponent",
		 slots = c(
		 	p = "numeric",
		 	q = "numeric"
		 ),
		 prototype = list(
		 	model_class = "varma"
		 )
)
```

## Old way of setting up model

```{r}
# Set up a model
mdl = NULL
mdl = sigex.add(mdl = mdl,
	vrank = seq(1,N),
	class = "arma",
	order = c(2, 3),
	bounds = NULL,
	name = "process1",
	delta = c(1,-1) )
mdl = sigex.add(mdl = mdl,
				vrank = seq(1,N),
				class = "arma",
				order = c(4, 5),
				bounds = NULL,
				name = "process2",
				delta = c(1,-1) )
mdl = sigex.add(mdl = mdl,
				vrank = seq(1,N),
				class = "varma",
				order = c(6, 7),
				bounds = NULL,
				name = "process3",
				delta = c(1,-1) )
mdl = sigex.meaninit(mdl = mdl, data.ts = data.ts, d = 0)
```


## SigexUI way of setting up model 

```{r}
model <- SigexModel(N) %>%
	addComponent(SigexModelComponentARMA(p = 2,
										 q = 3,
										 epithet = "comp1",
										 delta = c(1, -1))) %>%
	addComponent(SigexModelComponentARMA(p = 4,
										 q = 5,
										 epithet = "comp2",
										 delta = c(1, -1))) %>%
	addComponent(SigexModelComponentVARMA(p = 6,
										 q = 7,
										 epithet = "comp3",
										 delta = c(1, -1))) %>%
	setRegComponent(data.ts, d = 0)
```

## Compare print 

```{r}
model
mdl
```

	
## Old way of setting up parameters

```{r}
par = sigex.default(mdl = mdl, data.ts = data.ts, constraint = NULL)
print(par)
```

## SigexUI way of setting up parameters

```{r}
# Setup param with two ARMA components (with empty AR and MA parts) and a VARMA
param = SigexParam(N) %>%
	addParam(SigexParamARMA(ar = matrix(0, N, 2), ma = matrix(0, N, 3)), diag(N)) %>%
	addParam(SigexParamARMA(ar = matrix(0, N, 4), ma = matrix(0, N, 5)), diag(N)) %>%
	addParam(SigexParamVARMA(ar = array(0, c(N, N, 6)), ma = array(0, c(N, N, 7))), diag(N)) %>%
	setRegParam(beta = rep(0, N))
print(param)
```


## S4 method dispatch

`to_sigex()` generic fucntion that converts any object to *sigex* style

```{r, eval=FALSE}
to_sigex(SigexModel)
to_sigex(SigexParam)
```

## Some helper functions 

```{r}
epithet(model@components[[1]])
delta(model@components[[1]])
modelClass(model@components[[1]])
```


## SigexFit Example

```{r, eval=TRUE, echo=FALSE}
myfit <- 
new("SigexFit", optimOut = list(par = c(6.40579262193985, 9.74509759623823, 
0.663190658534026, 0.564428234372422, 13.8573249151719, 17.010940072568, 
3.04831268344024, 2.3594521660506, -3.60279404197713, 0.573010055388916, 
6.61252034760175, -5.87730494901592), value = 11379.9386671645, 
    counts = c(`function` = 115L, gradient = 115L), convergence = 0L, 
    message = "CONVERGENCE: REL_REDUCTION_OF_F <= FACTR*EPSMCH", 
    hessian = structure(c(92.553976628551, 1.37722054205369, 
    0.0588063358009094, 1.7939005374501, -1.91615799849387, 3.81408585781173, 
    -516.139843739438, 521.254223031065, 15.7068254793558, -380.323825538653, 
    -4.39618793279806, 3.52845631823584, 1.37722054205369, 41.4529140471132, 
    -5.02495822729543e-05, 1.7734046195983, 18.5293772574369, 
    4.58376644019154, 22.8046737902332, -2.67483096649812, -1.96167843569128, 
    -4.43400585936615, 0.0860695763549302, -0.0656648353469791, 
    0.0588063358009094, -5.02495822729543e-05, -0.0849195203045383, 
    -0.0116197043098509, 0.0032571279007243, 0.191097115020966, 
    -0.413568159274291, 0.20413926904439, 0.00994350557448342, 
    -0.12988903108635, -0.00448494574811775, 0.00359932528226636, 
    1.7939005374501, 1.7734046195983, -0.0116197043098509, 20.3536214939959, 
    0.153383552969899, -8.10644019111351, -7.33773481442768, 
    8.28900510896347, 0.249109234573552, -7.86076407166547, -0.0105310391518287, 
    0.00837212610349525, -1.91615799849387, 18.5293772574369, 
    0.0032571279007243, 0.153383552969899, 261.965657045948, 
    3.52112374457647, 5.22532400282216, -5.24871643392544, -1.31221645460755, 
    7.8772709457553, -0.0276124865195015, 0.0208917754207505, 
    3.81408585781173, 4.58376644019154, 0.191097115020966, -8.10644019111351, 
    3.52112374457647, 321.488296322059, -3.72120393876685, 9.40233439905569, 
    0.385145085601835, -11.0282235254999, -0.0458981048723217, 
    0.0373433977074455, -516.139843739438, 22.8046737902332, 
    -0.413568159274291, -7.33773481442768, 5.22532400282216, 
    -3.72120393876685, 3537.77097370767, -3326.11947942496, -90.2220540410781, 
    2194.54352645698, 30.8329226754722, -24.7422906340944, 521.254223031065, 
    -2.67483096649812, 0.20413926904439, 8.28900510896347, -5.24871643392544, 
    9.40233439905569, -3326.11947942496, 3235.75812353738, 89.8382804734865, 
    -2200.56450780248, -27.9694586424739, 22.4502914534241, 15.7068254793558, 
    -1.96167843569128, 0.00994350557448342, 0.249109234573552, 
    -1.31221645460755, 0.385145085601835, -90.2220540410781, 
    89.8382804734865, 2.80235190075473, -64.8484074190492, -0.759335762268165, 
    0.609280050412053, -380.323825538653, -4.43400585936615, 
    -0.12988903108635, -7.86076407166547, 7.8772709457553, -11.0282235254999, 
    2194.54352645698, -2200.56450780248, -64.8484074190492, 1578.71653664188, 
    18.4909677045653, -14.84153290221, -4.39618793279806, 0.0860695763549302, 
    -0.00448494574811775, -0.0105310391518287, -0.0276124865195015, 
    -0.0458981048723217, 30.8329226754722, -27.9694586424739, 
    -0.759335762268165, 18.4909677045653, 0.386245119443629, 
    -0.310103132505901, 3.52845631823584, -0.0656648353469791, 
    0.00359932528226636, 0.00837212610349525, 0.0208917754207505, 
    0.0373433977074455, -24.7422906340944, 22.4502914534241, 
    0.609280050412053, -14.84153290221, -0.310103132505901, 0.249029199039796
    ), .Dim = c(12L, 12L))), param = new("SigexParam", N = 2L, 
    gcds = list(new("GCD", L = structure(c(1, 6.40579262193985, 
    0, 1), .Dim = c(2L, 2L)), D_vec = c(9.74509759623823, 0.663190658534026
    ))), ts_params = list(new("SigexParamARMA", ar = structure(c(0.909419248641716, 
    0.827365218879329), .Dim = 2:1), ma = structure(c(0.946950494866842, 
    -0.278914878426508), .Dim = 2:1), model_class = "ARMA")), 
    reg_param = numeric(0)), data = structure(c(38011L, 37394L, 
38746L, 38954L, 38426L, 39638L, 39756L, 39003L, 40023L, 39718L, 
39711L, 41035L, 40911L, 39608L, 40300L, 40109L, 41144L, 40777L, 
40413L, 41699L, 41210L, 42214L, 41916L, 43788L, 42683L, 43349L, 
42981L, 43687L, 44316L, 44687L, 45142L, 45447L, 45584L, 45753L, 
46910L, 48072L, 47488L, 48592L, 47160L, 48743L, 48529L, 49329L, 
48138L, 49096L, 50153L, 49480L, 50888L, 53107L, 48619L, 49511L, 
52223L, 50409L, 52435L, 53511L, 51209L, 52822L, 53763L, 52754L, 
54624L, 55881L, 53105L, 55737L, 56987L, 57769L, 57348L, 59410L, 
60480L, 60020L, 60300L, 59338L, 60391L, 61419L, 60326L, 62229L, 
62870L, 61013L, 61528L, 62772L, 61033L, 60858L, 63239L, 63253L, 
63816L, 63292L, 63200L, 62957L, 62255L, 63924L, 64621L, 64077L, 
65205L, 66471L, 63993L, 66020L, 63305L, 64332L, 67575L, 62963L, 
64776L, 68771L, 68341L, 67580L, 66877L, 68207L, 69391L, 67199L, 
67759L, 68217L, 65930L, 66993L, 65380L, 61618L, 61976L, 61824L, 
59409L, 59262L, 57742L, 56547L, 55833L, 56793L, 54822L, 55452L, 
55444L, 54590L, 55473L, 54987L, 54475L, 54705L, 54449L, 53673L, 
53917L, 52485L, 51549L, 52290L, 52937L, 51425L, 52332L, 53270L, 
53278L, 51889L, 53792L, 53235L, 54104L, 53873L, 52873L, 52551L, 
54771L, 53889L, 54008L, 55044L, 54873L, 55307L, 55958L, 56982L, 
55176L, 57764L, 58985L, 58123L, 58672L, 60083L, 59739L, 60451L, 
59486L, 61180L, 59668L, 62222L, 63872L, 66473L, 63343L, 65483L, 
66273L, 65045L, 66511L, 66235L, 65604L, 67287L, 66687L, 66158L, 
67717L, 67788L, 66195L, 67877L, 68895L, 69350L, 69654L, 70191L, 
68278L, 71517L, 71447L, 71170L, 70497L, 70736L, 72777L, 71023L, 
70493L, 72711L, 72350L, 71922L, 71545L, 69512L, 70361L, 66303L, 
64727L, 66272L, 62220L, 60688L, 59357L, 57263L, 56648L, 56989L, 
57079L, 55539L, 58161L, 57014L, 57596L, 59377L, 57986L, 58435L, 
59807L, 59855L, 59549L, 60514L, 62024L, 61155L, 61564L, 61370L, 
61901L, 63735L, 63274L, 62622L, 64949L, 65007L, 65131L, 66109L, 
67112L, 70005L, 69175L, 69671L, 69563L, 71369L, 72296L, 73406L, 
74324L, 73770L, 74509L, 74144L, 73862L, 72286L, 73065L, 72983L, 
75368L, 74592L, 73775L, 73950L, 75269L, 72249L, 77091L, 74743L, 
73602L, 73621L, 72843L, 73069L, 75476L, 75722L, 73859L, 75162L, 
76002L, 74693L, 74056L, 75495L, 75844L, 77884L, 77706L, 75932L, 
73471L, 75578L, 73903L, 74657L, 74532L, 75071L, 72570L, 73202L, 
72949L, 74165L, 72993L, 72203L, 73255L, 69145L, 70793L, 69856L, 
69187L, 70149L, 70333L, 69346L, 68910L, 68516L, 68988L, 68855L, 
67659L, 68834L, 69154L, 68977L, 70234L, 69066L, 70357L, 69875L, 
71640L, 70914L, 71710L, 71135L, 73419L, 72255L, 73035L, 72969L, 
75104L, 71483L, 74798L, 75731L, 72719L, 76000L, 77061L, 76386L, 
77746L, 77500L, 77244L, 76841L, 76110L, 73430L, 73300L, 73987L, 
72011L, 72054L, 71778L, 72840L, 71983L, 72585L, 71104L, 72313L, 
72923L, 63081L, 63127L, NA, 35981L, 39492L, 39905L, 40883L, 39395L, 
38982L, 37515L, 38806L, 39461L, 37558L, 40522L, 37310L, 41449L, 
38065L, 39994L, 39297L, 42739L, 41031L, 42415L, 40238L, 41835L, 
41711L, 42306L, 42651L, 43144L, 41545L, 44784L, 43802L, 46475L, 
45823L, 46033L, 46086L, 46997L, 48620L, 46777L, 47530L, 49227L, 
48719L, 48831L, 50995L, 49312L, 48029L, 49796L, 55726L, 51986L, 
54154L, 58004L, 52120L, 52255L, 56387L, 50728L, 55165L, 54476L, 
55301L, 50906L, 55893L, 55625L, 54534L, 52363L, 53933L, 58023L, 
56876L, 58534L, 56732L, 60619L, 62368L, 62531L, 62284L, 63394L, 
73908L, 58910L, 60798L, 62636L, 60377L, 63252L, 63558L, 62716L, 
61303L, 63917L, 63835L, 60928L, 62463L, 58598L, 63726L, 62053L, 
61480L, 61939L, 63269L, 62413L, 66309L, 66476L, 66827L, 65730L, 
64522L, 69654L, 69082L, 62039L, 67103L, 69174L, 67333L, 76145L, 
67891L, 69689L, 75032L, 65726L, 68968L, 72194L, 63251L, 64748L, 
64218L, 59075L, 59859L, 59725L, 55569L, 57022L, 52585L, 50181L, 
52555L, 52756L, 49589L, 54070L, 50575L, 51737L, 53818L, 49427L, 
52835L, 56817L, 50471L, 51940L, 51932L, 51237L, 51724L, 51771L, 
53379L, 51568L, 52832L, 52705L, 52247L, 51912L, 54924L, 54231L, 
53818L, 55374L, 53000L, 54440L, 58317L, 54141L, 55785L, 56353L, 
61571L, 54795L, 59343L, 56647L, 61024L, 60317L, 61857L, 62307L, 
58897L, 60960L, 73042L, 70201L, 64436L, 68920L, 62715L, 67294L, 
81362L, 78881L, 69074L, 70649L, 77906L, 71120L, 71934L, 71231L, 
69535L, 67780L, 86771L, 76107L, 75348L, 79761L, 72712L, 75951L, 
84366L, 82076L, 76937L, 80992L, 82436L, 76700L, 79232L, 77078L, 
81018L, 85424L, 85965L, 81532L, 80805L, 79065L, 80047L, 75063L, 
74535L, 72782L, 69699L, 64301L, 61303L, 55022L, 51306L, 46101L, 
45619L, 43556L, 49263L, 48845L, 52600L, 50305L, 50809L, 52205L, 
51149L, 47956L, 58330L, 60489L, 57822L, 61185L, 61473L, 64434L, 
61636L, 63000L, 69736L, 66914L, 63798L, 59774L, 65914L, 63808L, 
71758L, 66327L, 70514L, 68581L, 71015L, 77828L, 71887L, 71157L, 
77731L, 85238L, 84860L, 84467L, 77349L, 76041L, 76429L, 75871L, 
83233L, 64511L, 75981L, 79069L, 73973L, 79105L, 77078L, 83426L, 
72454L, 76616L, 85331L, 93062L, 75478L, 74288L, 81777L, 76323L, 
86893L, 86181L, 77529L, 75209L, 78020L, 77151L, 76408L, 80587L, 
131973L, 81843L, 79217L, 73051L, 73990L, 71167L, 74129L, 72192L, 
74142L, 75244L, 66560L, 76217L, 74014L, 73827L, 67068L, 74222L, 
69555L, 62867L, 71767L, 65734L, 61011L, 71312L, 70268L, 61245L, 
65799L, 65422L, 64958L, 77048L, 60922L, 64721L, 67497L, 70481L, 
69821L, 69800L, 69066L, 84363L, 66049L, 68769L, 75095L, 71501L, 
75956L, 76094L, 72257L, 75083L, 79620L, 75244L, 76642L, 77459L, 
71817L, 78200L, 76969L, 73623L, 72656L, 77818L, 79519L, 72869L, 
76797L, 70910L, 66686L, 69214L, 72280L, 70504L, 68551L, 70376L, 
68696L, 63364L, 70455L, 71483L, 46151L, 49398L, 62381L), .Dim = c(341L, 
2L), .Dimnames = list(NULL, c("Shipments", "NewOrders")), .Tsp = c(1992, 
2020.33333333333, 12), class = c("mts", "ts", "matrix")), model = new("SigexModel", 
    N = 2L, mdl = list(ranks = list(1:2, 1:2), type = list(list(
        "arma", c(1, 1), c(-Inf, Inf, -Inf, Inf), "process"), 
        list("arma", c(0, 0), c(-Inf, Inf, -Inf, Inf), "irregular")), 
        diffop = list(c(1, -1), 1), regress = list(structure(c(1, 
        2, 3, 4, 5, 6, 7, 8, 9, 10, 11, 12, 13, 14, 15, 16, 17, 
        18, 19, 20, 21, 22, 23, 24, 25, 26, 27, 28, 29, 30, 31, 
        32, 33, 34, 35, 36, 37, 38, 39, 40, 41, 42, 43, 44, 45, 
        46, 47, 48, 49, 50, 51, 52, 53, 54, 55, 56, 57, 58, 59, 
        60, 61, 62, 63, 64, 65, 66, 67, 68, 69, 70, 71, 72, 73, 
        74, 75, 76, 77, 78, 79, 80, 81, 82, 83, 84, 85, 86, 87, 
        88, 89, 90, 91, 92, 93, 94, 95, 96, 97, 98, 99, 100, 
        101, 102, 103, 104, 105, 106, 107, 108, 109, 110, 111, 
        112, 113, 114, 115, 116, 117, 118, 119, 120, 121, 122, 
        123, 124, 125, 126, 127, 128, 129, 130, 131, 132, 133, 
        134, 135, 136, 137, 138, 139, 140, 141, 142, 143, 144, 
        145, 146, 147, 148, 149, 150, 151, 152, 153, 154, 155, 
        156, 157, 158, 159, 160, 161, 162, 163, 164, 165, 166, 
        167, 168, 169, 170, 171, 172, 173, 174, 175, 176, 177, 
        178, 179, 180, 181, 182, 183, 184, 185, 186, 187, 188, 
        189, 190, 191, 192, 193, 194, 195, 196, 197, 198, 199, 
        200, 201, 202, 203, 204, 205, 206, 207, 208, 209, 210, 
        211, 212, 213, 214, 215, 216, 217, 218, 219, 220, 221, 
        222, 223, 224, 225, 226, 227, 228, 229, 230, 231, 232, 
        233, 234, 235, 236, 237, 238, 239, 240, 241, 242, 243, 
        244, 245, 246, 247, 248, 249, 250, 251, 252, 253, 254, 
        255, 256, 257, 258, 259, 260, 261, 262, 263, 264, 265, 
        266, 267, 268, 269, 270, 271, 272, 273, 274, 275, 276, 
        277, 278, 279, 280, 281, 282, 283, 284, 285, 286, 287, 
        288, 289, 290, 291, 292, 293, 294, 295, 296, 297, 298, 
        299, 300, 301, 302, 303, 304, 305, 306, 307, 308, 309, 
        310, 311, 312, 313, 314, 315, 316, 317, 318, 319, 320, 
        321, 322, 323, 324, 325, 326, 327, 328, 329, 330, 331, 
        332, 333, 334, 335, 336, 337, 338, 339, 340, 341), .Dim = c(341L, 
        1L), .Dimnames = list(NULL, "Trend"), .Tsp = c(1992, 
        2020.33333333333, 12), class = "ts"), structure(c(1, 
        2, 3, 4, 5, 6, 7, 8, 9, 10, 11, 12, 13, 14, 15, 16, 17, 
        18, 19, 20, 21, 22, 23, 24, 25, 26, 27, 28, 29, 30, 31, 
        32, 33, 34, 35, 36, 37, 38, 39, 40, 41, 42, 43, 44, 45, 
        46, 47, 48, 49, 50, 51, 52, 53, 54, 55, 56, 57, 58, 59, 
        60, 61, 62, 63, 64, 65, 66, 67, 68, 69, 70, 71, 72, 73, 
        74, 75, 76, 77, 78, 79, 80, 81, 82, 83, 84, 85, 86, 87, 
        88, 89, 90, 91, 92, 93, 94, 95, 96, 97, 98, 99, 100, 
        101, 102, 103, 104, 105, 106, 107, 108, 109, 110, 111, 
        112, 113, 114, 115, 116, 117, 118, 119, 120, 121, 122, 
        123, 124, 125, 126, 127, 128, 129, 130, 131, 132, 133, 
        134, 135, 136, 137, 138, 139, 140, 141, 142, 143, 144, 
        145, 146, 147, 148, 149, 150, 151, 152, 153, 154, 155, 
        156, 157, 158, 159, 160, 161, 162, 163, 164, 165, 166, 
        167, 168, 169, 170, 171, 172, 173, 174, 175, 176, 177, 
        178, 179, 180, 181, 182, 183, 184, 185, 186, 187, 188, 
        189, 190, 191, 192, 193, 194, 195, 196, 197, 198, 199, 
        200, 201, 202, 203, 204, 205, 206, 207, 208, 209, 210, 
        211, 212, 213, 214, 215, 216, 217, 218, 219, 220, 221, 
        222, 223, 224, 225, 226, 227, 228, 229, 230, 231, 232, 
        233, 234, 235, 236, 237, 238, 239, 240, 241, 242, 243, 
        244, 245, 246, 247, 248, 249, 250, 251, 252, 253, 254, 
        255, 256, 257, 258, 259, 260, 261, 262, 263, 264, 265, 
        266, 267, 268, 269, 270, 271, 272, 273, 274, 275, 276, 
        277, 278, 279, 280, 281, 282, 283, 284, 285, 286, 287, 
        288, 289, 290, 291, 292, 293, 294, 295, 296, 297, 298, 
        299, 300, 301, 302, 303, 304, 305, 306, 307, 308, 309, 
        310, 311, 312, 313, 314, 315, 316, 317, 318, 319, 320, 
        321, 322, 323, 324, 325, 326, 327, 328, 329, 330, 331, 
        332, 333, 334, 335, 336, 337, 338, 339, 340, 341), .Dim = c(341L, 
        1L), .Dimnames = list(NULL, "Trend"), .Tsp = c(1992, 
        2020.33333333333, 12), class = "ts"))), components = list(
        new("SigexModelComponentARMA", p = 1, q = 1, model_class = "arma", 
            delta = c(1, -1), epithet = "process"), new("SigexModelComponentARMA", 
            p = 0, q = 0, model_class = "arma", delta = 1, epithet = "irregular"))))
```

```{r, eval=FALSE}

myfit <- SigexMLE(model, data.ts)

```

```{r}
myfit
lik(myfit)
```

## SigexFit Example

```{r}
plot(resid(myfit))
```


## Left to be decided

Easy Decisions 
- What output to display by default for each class
- 


More Delicate Decisions 

- handling matrix vs numeric vector input 
	* should work seemlessly for univariate fits
- Decide how to handle AR/MA coefs and matricies for ARMA/VARMA class
	* this is a major source of coding headache
	* currently, almost need to go case by case 
		- p > 0, q > 0
		- p > 0, q = 0
		- p = 0 , q > 0 



